3.98 3.92 4.05 3.55 3.57 3.80 3.79 4.03 4.32 4.06 4.04 4.00 3.63 3.23 4.47 4.50 4.52 3.83 3.57 4.01 3.81 4.28 3.91 3.78 3.09 3.64 3.94 4.20 3.41 3.19 3.93 3.89 4.52 3.85 3.23 3.68 3.74 2.71 4.07 3.82 3.62 4.07 3.13 3.26 4.04 3.65 3.94 3.54 3.35 3.20 4.26 3.46 3.36 3.91 3.86 3.83 3.68 4.12 3.88 3.85 3.72 3.61 3.54 2.94 3.92 4.12 3.61 3.40 3.10 3.97 3.88 3.55 3.34 4.02 4.15 3.11 3.41 4.03 3.55 3.19 3.56 3.78 3.39 3.69 3.94 2.54 2.66 3.21 2.97 4.01 2.38 4.04 3.32 3.15 3.75 3.78 3.71 3.71 3.50 3.54
3.78 3.71 3.84 3.31 3.38 3.57 3.52 3.81 4.10 3.83 3.84 3.78 3.42 3.00 4.31 4.34 4.37 3.60 3.34 3.85 3.61 4.07 3.71 3.59 2.85 3.39 3.77 3.99 3.17 2.98 3.72 3.68 4.31 3.60 3.02 3.48 3.54 2.49 3.87 3.61 3.39 3.85 2.95 3.07 3.84 3.47 3.69 3.31 3.10 3.00 4.06 3.27 3.10 3.67 3.65 3.61 3.48 3.96 3.73 3.61 3.49 3.38 3.37 2.71 3.66 3.95 3.42 3.16 2.87 3.78 3.67 3.37 3.14 3.80 3.92 2.85 3.23 3.85 3.34 2.97 3.37 3.55 3.15 3.49 3.78 2.29 2.40 2.98 2.74 3.78 2.14 3.83 3.10 2.95 3.57 3.60 3.49 3.51 3.29 3.32
3.71 3.75 3.87 3.70 3.19 3.92 4.36 4.25 4.45 4.04 3.84 3.78 3.36 3.27 4.21 4.22 4.20 4.14 3.74 3.66 3.55 4.16 3.69 3.45 3.18 3.91 3.64 4.05 3.61 2.87 3.74 3.70 4.37 4.23 2.90 3.32 3.37 2.52 3.87 3.66 3.91 3.99 2.61 2.95 3.87 3.27 4.26 3.53 3.54 2.84 4.09 3.04 3.65 4.10 3.67 3.84 3.73 3.88 3.58 4.06 3.70 3.78 3.09 2.96 4.37 3.86 3.29 3.64 3.24 3.70 3.73 3.15 2.99 3.93 4.49 3.45 3.11 3.63 3.24 2.93 3.29 4.28 3.55 3.55 3.47 2.74 2.96 3.39 2.99 4.17 2.38 3.95 3.47 2.95 3.39 3.32 3.88 3.34 3.22 3.82
3.47 3.32 3.77 3.15 2.94 3.06 2.77 2.50 3.40 3.57 3.14 3.81 3.26 2.84 2.76 2.87 2.86 2.52 2.65 2.48 3.20 3.71 3.46 3.17 2.82 3.27 2.59 3.66 2.60 3.12 3.43 3.65 3.92 2.73 3.23 3.66 3.35 2.70 3.46 3.24 2.30 3.51 2.99 2.55 3.32 2.93 2.97 3.21 2.78 2.99 3.55 3.02 2.66 3.26 3.41 3.29 2.17 2.28 2.05 3.28 3.26 2.79 2.64 2.74 3.23 2.64 2.80 2.33 2.26 3.18 3.38 2.96 3.10 3.53 2.83 2.53 2.53 3.44 3.36 3.03 2.72 1.72 2.91 2.95 2.98 1.91 2.30 2.44 2.29 3.04 2.13 3.08 2.17 2.57 2.82 3.08 2.48 3.48 3.30 1.93
4.75 4.71 4.91 4.51 4.27 4.67 4.77 4.75 5.15 4.93 4.74 4.86 4.43 4.15 4.96 5.00 5.00 4.64 4.41 4.51 4.56 5.09 4.71 4.50 4.06 4.66 4.50 5.01 4.29 4.05 4.73 4.76 5.31 4.73 4.10 4.53 4.50 3.63 4.84 4.62 4.42 4.90 3.89 3.97 4.80 4.33 4.83 4.45 4.28 4.00 5.02 4.19 4.30 4.83 4.67 4.70 4.34 4.59 4.33 4.80 4.60 4.48 4.15 3.90 4.93 4.66 4.29 4.24 3.95 4.67 4.70 4.25 4.14 4.87 4.97 4.10 4.08 4.73 4.38 4.04 4.25 4.49 4.34 4.46 4.53 3.47 3.69 4.09 3.81 4.84 3.32 4.78 4.11 3.93 4.38 4.43 4.48 4.51 4.34 4.27
3.75 3.66 3.81 3.24 3.35 3.48 3.37 3.65 3.99 3.77 3.77 3.77 3.40 2.94 4.18 4.21 4.24 3.44 3.23 3.74 3.57 4.01 3.67 3.55 2.79 3.31 3.67 3.94 3.07 2.99 3.68 3.66 4.26 3.46 3.03 3.49 3.53 2.48 3.82 3.56 3.24 3.79 2.97 3.02 3.78 3.43 3.57 3.27 3.02 3.00 4.00 3.26 3.00 3.58 3.61 3.54 3.33 3.82 3.59 3.52 3.43 3.27 3.32 2.67 3.54 3.84 3.37 3.04 2.77 3.72 3.62 3.34 3.14 3.75 3.76 2.75 3.16 3.82 3.33 2.96 3.31 3.32 3.08 3.42 3.73 2.20 2.32 2.88 2.67 3.67 2.10 3.74 2.97 2.90 3.51 3.57 3.35 3.51 3.28 3.14
4.43 4.34 4.60 4.08 3.96 4.19 4.10 4.09 4.63 4.53 4.33 4.58 4.14 3.75 4.41 4.48 4.48 3.99 3.88 4.02 4.22 4.72 4.39 4.18 3.67 4.20 4.03 4.65 3.77 3.82 4.39 4.46 4.94 4.10 3.89 4.33 4.22 3.37 4.48 4.25 3.78 4.51 3.71 3.62 4.41 4.00 4.25 4.09 3.81 3.76 4.63 3.92 3.77 4.34 4.34 4.29 3.74 4.01 3.77 4.32 4.21 3.97 3.81 3.55 4.36 4.16 3.93 3.66 3.44 4.30 4.34 3.95 3.90 4.49 4.31 3.58 3.70 4.43 4.13 3.78 3.87 3.64 3.89 4.05 4.18 2.98 3.22 3.59 3.37 4.30 2.96 4.31 3.54 3.57 4.01 4.13 3.89 4.27 4.07 3.57
4.05 3.99 4.17 3.71 3.60 3.90 3.93 4.04 4.40 4.17 4.06 4.12 3.72 3.37 4.37 4.41 4.42 3.88 3.65 3.92 3.87 4.37 4.00 3.83 3.25 3.82 3.89 4.29 3.52 3.32 4.02 4.01 4.60 3.94 3.36 3.81 3.81 2.86 4.14 3.90 3.67 4.16 3.21 3.29 4.10 3.67 4.04 3.68 3.48 3.30 4.32 3.51 3.49 4.04 3.95 3.94 3.66 4.01 3.76 3.99 3.84 3.71 3.52 3.10 4.08 4.05 3.63 3.48 3.19 4.00 3.97 3.59 3.44 4.12 4.21 3.27 3.42 4.07 3.66 3.31 3.59 3.76 3.54 3.75 3.92 2.67 2.84 3.32 3.06 4.09 2.53 4.08 3.37 3.22 3.74 3.79 3.75 3.80 3.61 3.54
4.02 3.88 4.22 3.55 3.56 3.58 3.26 3.27 3.98 4.04 3.81 4.23 3.76 3.26 3.73 3.82 3.83 3.19 3.22 3.42 3.79 4.24 3.98 3.77 3.18 3.62 3.45 4.19 3.13 3.53 3.96 4.09 4.47 3.31 3.62 4.07 3.88 3.05 4.03 3.79 2.98 4.02 3.48 3.18 3.92 3.59 3.52 3.62 3.22 3.46 4.15 3.59 3.11 3.73 3.92 3.78 2.99 3.29 3.08 3.72 3.72 3.33 3.38 3.10 3.64 3.53 3.47 2.94 2.81 3.83 3.89 3.58 3.58 4.03 3.50 2.93 3.22 4.06 3.81 3.45 3.39 2.60 3.33 3.55 3.75 2.37 2.63 2.96 2.82 3.63 2.52 3.74 2.83 3.13 3.54 3.75 3.16 3.96 3.74 2.71
3.10 3.17 3.67 3.81 2.29 3.58 4.27 3.03 3.85 3.81 2.85 3.66 2.96 3.25 2.07 2.17 2.06 3.33 3.23 1.63 2.84 3.69 3.23 2.65 3.39 4.24 1.91 3.57 3.27 2.76 3.26 3.54 3.80 3.75 2.86 3.20 2.77 2.66 3.23 3.13 3.06 3.59 2.10 2.05 3.13 2.24 3.88 3.50 3.50 2.49 3.36 2.31 3.60 3.96 3.27 3.58 2.30 1.60 1.25 4.04 3.52 3.40 1.75 3.16 4.53 2.02 2.25 3.05 2.78 2.73 3.29 2.27 2.62 3.61 3.68 3.63 1.98 2.74 2.99 2.80 2.26 2.77 3.58 2.84 2.01 2.66 3.32 3.06 2.59 3.59 2.49 3.04 2.63 2.34 2.13 2.21 2.98 2.95 3.00 2.57
4.80 4.77 4.99 4.64 4.29 4.77 4.93 4.82 5.24 5.03 4.78 4.94 4.50 4.26 4.94 4.98 4.97 4.73 4.51 4.48 4.61 5.17 4.78 4.54 4.18 4.81 4.49 5.08 4.40 4.12 4.80 4.84 5.38 4.85 4.17 4.60 4.54 3.72 4.90 4.68 4.51 4.98 3.92 4.00 4.85 4.35 4.95 4.56 4.41 4.06 5.08 4.22 4.44 4.95 4.74 4.80 4.38 4.56 4.29 4.92 4.70 4.58 4.14 4.02 5.09 4.65 4.32 4.34 4.05 4.71 4.77 4.28 4.20 4.95 5.07 4.25 4.10 4.76 4.44 4.12 4.28 4.57 4.46 4.52 4.52 3.59 3.84 4.20 3.90 4.93 3.43 4.83 4.18 3.99 4.40 4.44 4.56 4.56 4.41 4.34
4.19 4.11 4.46 4.04 3.64 4.04 4.06 3.76 4.43 4.40 4.01 4.46 3.94 3.68 3.83 3.91 3.89 3.76 3.71 3.46 3.96 4.52 4.19 3.89 3.65 4.22 3.54 4.44 3.64 3.68 4.18 4.33 4.72 3.95 3.77 4.19 3.98 3.31 4.24 4.04 3.54 4.34 3.47 3.31 4.15 3.65 4.11 4.00 3.74 3.57 4.38 3.64 3.71 4.25 4.15 4.16 3.34 3.40 3.14 4.25 4.09 3.82 3.38 3.51 4.36 3.64 3.58 3.47 3.28 3.98 4.15 3.64 3.70 4.33 4.08 3.57 3.34 4.12 3.96 3.65 3.54 3.28 3.83 3.80 3.73 2.90 3.25 3.45 3.20 4.11 2.91 4.02 3.29 3.34 3.62 3.76 3.63 4.07 3.92 3.24
3.93 3.89 4.17 3.82 3.39 3.90 4.05 3.81 4.33 4.18 3.85 4.13 3.65 3.44 3.84 3.90 3.88 3.77 3.61 3.41 3.72 4.30 3.92 3.64 3.39 4.01 3.46 4.21 3.52 3.32 3.93 4.02 4.50 3.93 3.38 3.80 3.67 2.95 4.01 3.81 3.55 4.12 3.08 3.09 3.95 3.42 4.05 3.74 3.57 3.23 4.17 3.34 3.59 4.09 3.89 3.95 3.36 3.44 3.17 4.09 3.86 3.70 3.18 3.23 4.25 3.60 3.38 3.42 3.16 3.78 3.91 3.37 3.37 4.10 4.11 3.43 3.15 3.85 3.62 3.31 3.35 3.49 3.64 3.61 3.54 2.74 3.05 3.32 3.03 4.02 2.63 3.89 3.24 3.11 3.43 3.51 3.60 3.72 3.59 3.32
4.57 4.12 4.37 2.59 4.54 2.86 1.12 2.58 3.36 3.69 4.29 4.44 4.21 2.67 4.85 4.95 5.12 2.08 2.43 4.76 4.33 4.29 4.33 4.56 2.33 2.22 4.52 4.33 2.19 4.03 4.22 4.24 4.66 1.88 4.14 4.72 4.72 3.09 4.40 3.97 1.95 3.91 4.76 3.94 4.23 4.63 2.23 3.19 2.19 4.18 4.47 4.63 1.76 2.73 4.14 3.37 2.89 4.40 4.37 2.62 3.35 2.48 4.73 2.48 1.78 4.53 4.32 1.94 2.09 4.53 4.03 4.61 4.28 3.93 2.33 1.35 4.06 5.10 4.34 3.79 4.11 1.20 2.37 3.75 5.22 1.31 1.13 2.07 2.41 2.88 1.99 3.84 2.23 3.48 4.59 5.05 2.50 4.73 4.16 1.87
3.92 3.88 4.10 3.74 3.41 3.88 4.03 3.93 4.35 4.14 3.90 4.06 3.61 3.37 4.05 4.10 4.09 3.84 3.62 3.60 3.72 4.28 3.89 3.65 3.29 3.91 3.61 4.19 3.51 3.23 3.91 3.95 4.49 3.96 3.28 3.71 3.65 2.83 4.01 3.79 3.62 4.09 3.04 3.11 3.97 3.46 4.06 3.67 3.51 3.17 4.19 3.33 3.54 4.06 3.86 3.91 3.49 3.68 3.41 4.03 3.81 3.69 3.26 3.13 4.19 3.77 3.43 3.45 3.16 3.82 3.88 3.39 3.31 4.06 4.17 3.36 3.22 3.87 3.56 3.23 3.40 3.67 3.57 3.63 3.63 2.70 2.95 3.31 3.01 4.04 2.54 3.94 3.29 3.10 3.51 3.55 3.67 3.67 3.52 3.45
4.04 3.98 4.29 3.92 3.49 3.96 4.05 3.79 4.37 4.27 3.91 4.27 3.77 3.54 3.84 3.91 3.89 3.77 3.65 3.43 3.82 4.39 4.03 3.75 3.50 4.10 3.50 4.31 3.57 3.47 4.04 4.15 4.59 3.94 3.54 3.96 3.80 3.10 4.11 3.90 3.55 4.21 3.24 3.18 4.03 3.52 4.08 3.85 3.64 3.37 4.26 3.46 3.64 4.16 4.00 4.03 3.35 3.43 3.16 4.16 3.96 3.75 3.27 3.35 4.30 3.62 3.47 3.44 3.21 3.86 4.01 3.49 3.50 4.20 4.10 3.49 3.23 3.96 3.76 3.45 3.43 3.40 3.72 3.69 3.62 2.81 3.14 3.38 3.10 4.06 2.75 3.95 3.26 3.20 3.51 3.61 3.61 3.87 3.73 3.29
3.99 3.86 4.15 3.50 3.55 3.59 3.31 3.39 4.02 4.01 3.84 4.15 3.71 3.21 3.88 3.96 3.98 3.28 3.25 3.54 3.77 4.22 3.94 3.76 3.11 3.57 3.54 4.16 3.14 3.43 3.92 4.01 4.45 3.38 3.51 3.96 3.83 2.95 4.02 3.76 3.07 4.00 3.40 3.18 3.92 3.59 3.56 3.57 3.20 3.38 4.15 3.54 3.11 3.72 3.88 3.75 3.11 3.46 3.25 3.70 3.68 3.34 3.40 3.02 3.64 3.65 3.48 2.99 2.83 3.84 3.86 3.56 3.51 3.99 3.59 2.91 3.24 4.04 3.73 3.37 3.41 2.80 3.30 3.55 3.78 2.36 2.58 2.97 2.81 3.67 2.45 3.77 2.90 3.11 3.57 3.75 3.24 3.89 3.66 2.85
4.47 4.44 4.68 4.34 3.95 4.45 4.60 4.44 4.90 4.71 4.43 4.64 4.17 3.95 4.51 4.56 4.55 4.38 4.17 4.07 4.27 4.84 4.45 4.20 3.89 4.51 4.10 4.75 4.07 3.82 4.47 4.53 5.05 4.51 3.87 4.30 4.21 3.43 4.56 4.35 4.15 4.66 3.60 3.65 4.51 3.99 4.62 4.25 4.10 3.74 4.73 3.88 4.12 4.63 4.42 4.48 3.99 4.13 3.86 4.61 4.38 4.25 3.77 3.73 4.78 4.25 3.96 4.00 3.72 4.35 4.44 3.93 3.88 4.63 4.71 3.95 3.74 4.41 4.13 3.82 3.93 4.16 4.16 4.18 4.14 3.27 3.55 3.87 3.58 4.59 3.13 4.47 3.83 3.65 4.03 4.08 4.20 4.24 4.10 3.95
4.45 4.42 4.71 4.42 3.88 4.48 4.69 4.38 4.90 4.75 4.37 4.67 4.18 4.02 4.32 4.38 4.35 4.37 4.19 3.88 4.24 4.84 4.45 4.15 3.98 4.63 3.95 4.75 4.11 3.84 4.47 4.56 5.04 4.54 3.91 4.32 4.18 3.50 4.54 4.35 4.14 4.67 3.57 3.59 4.48 3.92 4.66 4.31 4.17 3.74 4.70 3.84 4.20 4.69 4.43 4.51 3.90 3.92 3.64 4.69 4.42 4.29 3.66 3.81 4.89 4.09 3.88 4.01 3.74 4.29 4.45 3.87 3.88 4.65 4.70 4.05 3.66 4.35 4.15 3.85 3.86 4.09 4.23 4.15 4.01 3.34 3.67 3.91 3.59 4.60 3.21 4.43 3.81 3.64 3.93 3.99 4.17 4.24 4.12 3.90
4.35 4.21 4.56 3.89 3.89 3.92 3.60 3.59 4.31 4.38 4.13 4.57 4.10 3.60 4.04 4.13 4.14 3.51 3.55 3.73 4.12 4.58 4.31 4.10 3.53 3.97 3.76 4.52 3.46 3.87 4.29 4.42 4.80 3.65 3.96 4.41 4.22 3.40 4.36 4.12 3.31 4.36 3.82 3.51 4.25 3.91 3.85 3.96 3.56 3.80 4.48 3.92 3.45 4.07 4.25 4.11 3.30 3.60 3.38 4.06 4.06 3.66 3.70 3.45 3.99 3.84 3.79 3.27 3.15 4.16 4.23 3.91 3.92 4.36 3.82 3.27 3.54 4.39 4.15 3.79 3.72 2.91 3.67 3.88 4.07 2.71 2.98 3.29 3.15 3.96 2.86 4.06 3.16 3.46 3.86 4.08 3.48 4.30 4.08 3.03
4.39 4.25 4.49 3.79 3.99 3.95 3.64 3.88 4.41 4.35 4.28 4.48 4.07 3.53 4.49 4.55 4.59 3.70 3.64 4.13 4.18 4.59 4.31 4.18 3.40 3.84 4.10 4.54 3.50 3.76 4.30 4.35 4.84 3.75 3.83 4.29 4.23 3.24 4.41 4.15 3.51 4.36 3.78 3.62 4.33 4.04 3.92 3.88 3.52 3.74 4.56 3.96 3.43 4.05 4.24 4.10 3.62 4.09 3.88 4.01 4.02 3.71 3.90 3.31 3.93 4.21 3.94 3.38 3.21 4.29 4.23 3.99 3.87 4.35 4.01 3.20 3.71 4.47 4.07 3.70 3.86 3.33 3.60 3.96 4.30 2.68 2.84 3.32 3.18 4.06 2.74 4.21 3.33 3.50 4.06 4.21 3.67 4.25 4.00 3.34
4.18 4.11 4.55 4.18 3.58 4.08 4.12 3.59 4.41 4.47 3.92 4.57 3.99 3.79 3.48 3.58 3.54 3.67 3.70 3.14 3.93 4.54 4.21 3.85 3.81 4.39 3.29 4.47 3.67 3.80 4.21 4.42 4.72 3.94 3.90 4.31 3.99 3.47 4.23 4.05 3.45 4.37 3.51 3.24 4.11 3.56 4.13 4.12 3.84 3.64 4.34 3.62 3.80 4.32 4.19 4.22 3.14 3.02 2.75 4.36 4.17 3.84 3.23 3.67 4.48 3.36 3.49 3.44 3.29 3.90 4.18 3.58 3.76 4.39 4.00 3.71 3.22 4.06 4.05 3.76 3.44 3.02 3.95 3.77 3.55 2.99 3.44 3.49 3.23 4.09 3.05 3.94 3.21 3.33 3.47 3.66 3.53 4.12 4.01 3.06
4.34 4.30 4.52 4.13 3.84 4.28 4.39 4.33 4.74 4.54 4.32 4.47 4.03 3.76 4.50 4.54 4.54 4.23 4.01 4.05 4.15 4.69 4.31 4.08 3.68 4.29 4.05 4.61 3.90 3.65 4.33 4.36 4.91 4.34 3.70 4.14 4.08 3.24 4.43 4.21 4.01 4.50 3.48 3.54 4.39 3.90 4.44 4.07 3.90 3.60 4.61 3.77 3.92 4.44 4.27 4.31 3.91 4.12 3.86 4.41 4.21 4.08 3.71 3.52 4.56 4.21 3.86 3.84 3.55 4.25 4.29 3.83 3.74 4.47 4.56 3.73 3.65 4.31 3.98 3.65 3.83 4.06 3.96 4.05 4.08 3.08 3.32 3.70 3.41 4.44 2.93 4.36 3.69 3.52 3.95 4.00 4.07 4.10 3.94 3.84
3.87 3.71 4.10 3.39 3.40 3.38 2.99 2.95 3.75 3.88 3.60 4.13 3.63 3.11 3.42 3.51 3.53 2.89 2.99 3.13 3.62 4.07 3.83 3.61 3.04 3.46 3.18 4.03 2.91 3.44 3.80 3.97 4.30 3.04 3.54 3.99 3.75 2.97 3.86 3.62 2.69 3.85 3.40 3.01 3.74 3.41 3.27 3.48 3.03 3.36 3.97 3.45 2.90 3.53 3.77 3.61 2.68 2.96 2.75 3.53 3.56 3.11 3.19 2.98 3.43 3.25 3.28 2.68 2.59 3.65 3.74 3.42 3.47 3.87 3.20 2.73 3.02 3.91 3.71 3.35 3.19 2.19 3.16 3.36 3.55 2.17 2.47 2.74 2.63 3.39 2.39 3.51 2.57 2.96 3.34 3.59 2.88 3.86 3.63 2.38
4.48 4.38 5.26 4.99 3.62 4.38 4.40 2.84 4.44 5.02 3.73 5.39 4.51 4.53 2.06 2.26 2.15 3.31 3.79 1.90 4.11 4.90 4.65 3.97 4.76 5.35 2.35 4.82 3.94 4.69 4.59 5.17 4.99 3.91 4.89 5.23 4.38 4.56 4.45 4.36 3.06 4.77 4.12 3.24 4.20 3.47 4.26 4.88 4.44 4.29 4.44 3.89 4.31 4.80 4.67 4.71 2.28 1.42 1.13 4.98 4.77 4.07 2.83 4.66 5.13 2.27 3.33 3.38 3.46 3.80 4.59 3.67 4.38 4.88 3.63 4.44 2.96 4.15 4.78 4.59 3.27 1.73 4.65 3.85 3.03 3.53 4.42 3.79 3.54 4.10 3.97 3.76 2.94 3.58 3.10 3.54 3.17 4.75 4.75 2.25
